2016 01 01 04 38
2016 01 01 07 19
2016 01 01 10 26
2016 01 01 12 21
2016 01 01 16 16
2016 01 01 19 25
2016 01 01 20 26
2016 01 01 20 43
2016 01 01 22 59
2016 01 02 03 56
2016 01 02 04 53
2016 01 02 06 36
2016 01 02 08 51
2016 01 02 09 31
2016 01 02 10 48
2016 01 02 17 43
2016 01 02 20 43
2016 01 03 00 24
2016 01 03 02 36
2016 01 03 04 52
2016 01 03 05 58
2016 01 03 07 19
2016 01 03 08 23
2016 01 03 10 46
2016 01 03 11 31
2016 01 03 21 40
2016 01 04 10 50
2016 01 04 12 07
2016 01 04 14 42
2016 01 04 16 21
2016 01 05 06 49
2016 01 05 09 44
2016 01 05 16 45
2016 01 05 18 50
2016 01 05 19 02
2016 01 05 22 12
2016 01 05 23 28
2016 01 06 00 11
2016 01 06 01 59
2016 01 06 05 25
2016 01 06 05 53
2016 01 06 10 17
2016 01 06 17 54
2016 01 06 18 27
2016 01 06 18 39
2016 01 07 10 42
2016 01 07 14 47
2016 01 07 18 55
2016 01 07 22 11
2016 01 07 23 08
2016 01 08 00 44
2016 01 08 05 56
2016 01 08 12 52
2016 01 08 13 05
2016 01 08 23 19
2016 01 09 02 25
2016 01 09 03 52
2016 01 09 05 18
2016 01 09 07 39
2016 01 09 07 54
2016 01 09 13 34
2016 01 09 19 36
2016 01 09 21 53
2016 01 09 23 18
2016 01 09 23 37
2016 01 10 00 38
2016 01 10 01 54
2016 01 10 02 29
2016 01 10 04 00
2016 01 10 05 47
2016 01 10 06 01
2016 01 10 06 06
2016 01 10 12 50
2016 01 10 17 59
2016 01 10 18 08
2016 01 10 19 26
2016 01 11 00 33
2016 01 11 01 19
2016 01 11 09 57
2016 01 11 11 02
2016 01 11 11 19
2016 01 11 19 53
2016 01 11 21 24
2016 01 11 22 49
2016 01 12 03 51
2016 01 12 05 13
2016 01 12 11 33
2016 01 12 11 57
2016 01 12 16 46
2016 01 12 23 45
2016 01 13 00 31
2016 01 13 00 50
2016 01 13 04 01
2016 01 13 04 06
2016 01 13 07 12
2016 01 13 10 46
2016 01 13 14 28
2016 01 14 02 09
2016 01 14 05 33
2016 01 14 06 07
2016 01 14 22 42
2016 01 15 11 37
2016 01 15 11 46
2016 01 15 13 58
2016 01 15 16 09
2016 01 16 04 46
2016 01 16 09 22
2016 01 16 12 15
2016 01 16 15 05
2016 01 16 15 17
2016 01 16 17 37
2016 01 17 08 20
2016 01 17 10 38
2016 01 17 13 41
2016 01 17 16 23
2016 01 18 00 30
2016 01 18 01 28
2016 01 18 01 42
2016 01 18 02 29
2016 01 18 06 11
2016 01 18 10 24
2016 01 18 18 25
2016 01 18 18 48
2016 01 18 20 30
2016 01 18 22 29
2016 01 19 02 04
2016 01 19 04 14
2016 01 19 05 43
2016 01 19 19 37
2016 01 19 20 46
2016 01 20 00 59
2016 01 20 02 22
2016 01 20 08 01
2016 01 20 12 49
2016 01 20 16 46
2016 01 20 22 58
2016 01 21 02 09
2016 01 21 02 40
2016 01 21 05 46
2016 01 21 16 05
2016 01 22 11 03
2016 01 22 11 44
2016 01 22 12 08
2016 01 22 15 31
2016 01 22 15 53
2016 01 22 17 53
2016 01 23 00 05
2016 01 23 01 21
2016 01 23 08 06
2016 01 23 11 18
2016 01 23 11 47
2016 01 23 13 54
2016 01 23 16 28
2016 01 23 16 31
2016 01 24 09 05
2016 01 24 17 41
2016 01 24 23 14
2016 01 25 00 49
2016 01 25 06 19
2016 01 25 11 01
2016 01 26 02 04
2016 01 26 02 21
2016 01 26 05 31
2016 01 26 07 57
2016 01 26 08 50
2016 01 26 10 06
2016 01 26 12 02
2016 01 26 18 28
2016 01 26 18 51
2016 01 27 00 10
2016 01 27 03 36
2016 01 27 04 44
2016 01 27 10 16
2016 01 27 11 22
2016 01 27 13 21
2016 01 27 15 48
2016 01 27 15 58
2016 01 27 17 53
2016 01 27 20 20
2016 01 28 02 28
2016 01 28 04 24
2016 01 28 06 28
2016 01 28 12 32
2016 01 28 13 39
2016 01 28 17 43
2016 01 28 20 34
2016 01 28 23 02
2016 01 28 23 32
2016 02 01 05 34
2016 02 01 06 17
2016 02 01 06 40
2016 02 01 08 41
2016 02 01 13 48
2016 02 01 14 02
2016 02 01 15 00
2016 02 01 18 51
2016 02 01 20 40
2016 02 01 22 56
2016 02 02 00 17
2016 02 02 03 34
2016 02 02 04 24
2016 02 02 06 40
2016 02 02 10 13
2016 02 02 11 53
2016 02 02 12 21
2016 02 02 12 31
2016 02 03 00 09
2016 02 03 00 36
2016 02 03 01 48
2016 02 03 02 52
2016 02 03 07 15
2016 02 03 10 27
2016 02 03 18 40
2016 02 03 19 50
2016 02 04 05 59
2016 02 04 08 45
2016 02 04 12 31
2016 02 04 13 01
2016 02 04 21 39
2016 02 05 03 03
2016 02 05 05 05
2016 02 05 17 47
2016 02 05 21 16
2016 02 06 01 59
2016 02 06 03 58
2016 02 06 07 21
2016 02 06 10 07
2016 02 06 19 23
2016 02 06 20 04
2016 02 07 01 11
2016 02 07 20 23
2016 02 07 20 49
2016 02 08 01 40
2016 02 08 01 53
2016 02 08 08 23
2016 02 08 09 13
2016 02 08 09 58
2016 02 08 10 48
2016 02 08 11 36
2016 02 08 13 05
2016 02 08 15 14
2016 02 08 16 17
2016 02 08 18 40
2016 02 08 22 02
2016 02 08 23 58
2016 02 09 00 57
2016 02 09 04 31
2016 02 09 07 59
2016 02 09 14 33
2016 02 09 15 15
2016 02 09 16 49
2016 02 09 20 38
2016 02 10 06 12
2016 02 10 08 23
2016 02 10 09 33
2016 02 10 10 00
2016 02 10 10 46
2016 02 10 13 38
2016 02 10 15 50
2016 02 10 17 01
2016 02 11 01 58
2016 02 11 03 20
2016 02 11 06 57
2016 02 12 05 59
2016 02 12 12 47
2016 02 12 13 32
2016 02 12 15 32
2016 02 12 18 16
2016 02 12 19 06
2016 02 12 21 26
2016 02 13 01 04
2016 02 13 02 37
2016 02 13 03 29
2016 02 13 05 43
2016 02 13 06 51
2016 02 13 09 17
2016 02 13 14 34
2016 02 13 18 23
2016 02 14 00 54
2016 02 14 01 49
2016 02 14 12 11
2016 02 14 22 13
2016 02 14 23 22
2016 02 15 05 22
2016 02 15 07 44
2016 02 15 08 25
2016 02 15 14 45
2016 02 15 22 19
2016 02 15 23 41
2016 02 16 04 51
2016 02 16 05 10
2016 02 16 07 41
2016 02 16 08 54
2016 02 16 09 36
2016 02 16 12 45
2016 02 16 22 28
2016 02 17 09 13
2016 02 17 10 05
2016 02 17 12 03
2016 02 18 01 31
2016 02 18 04 37
2016 02 18 10 48
2016 02 18 12 49
2016 02 18 16 24
2016 02 18 23 17
2016 02 18 23 30
2016 02 19 03 19
2016 02 19 03 30
2016 02 19 04 01
2016 02 19 07 49
2016 02 19 07 55
2016 02 19 11 55
2016 02 19 22 38
2016 02 20 02 09
2016 02 20 02 30
2016 02 20 05 05
2016 02 20 06 00
2016 02 20 07 38
2016 02 20 08 47
2016 02 20 08 56
2016 02 20 09 52
2016 02 20 13 40
2016 02 20 13 54
2016 02 20 19 19
2016 02 21 00 47
2016 02 21 01 35
2016 02 21 02 07
2016 02 21 04 43
2016 02 21 04 50
2016 02 21 06 04
2016 02 21 09 59
2016 02 21 15 40
2016 02 21 18 30
2016 02 21 19 25
2016 02 21 19 57
2016 02 21 21 39
2016 02 21 21 40
2016 02 21 21 56
2016 02 22 07 21
2016 02 22 12 32
2016 02 22 15 50
2016 02 22 16 37
2016 02 22 20 44
2016 02 23 00 00
2016 02 23 03 34
2016 02 23 04 41
2016 02 23 08 56
2016 02 23 15 10
2016 02 23 19 14
2016 02 23 20 02
2016 02 24 00 56
2016 02 24 01 04
2016 02 24 03 03
2016 02 24 07 43
2016 02 24 08 09
2016 02 24 08 09
2016 02 24 13 02
2016 02 24 17 20
2016 02 24 18 19
2016 02 24 18 31
2016 02 24 23 23
2016 02 24 23 41
2016 02 25 03 45
2016 02 25 04 14
2016 02 25 05 23
2016 02 25 12 45
2016 02 25 15 05
2016 02 25 16 10
2016 02 25 16 42
2016 02 26 03 01
2016 02 26 08 25
2016 02 26 09 59
2016 02 26 12 57
2016 02 26 14 10
2016 02 26 14 22
2016 02 27 00 58
2016 02 27 03 23
2016 02 27 05 25
2016 02 27 06 01
2016 02 27 06 58
2016 02 27 10 00
2016 02 27 11 15
2016 02 27 12 12
2016 02 27 14 48
2016 02 27 22 02
2016 02 28 02 35
2016 02 28 11 25
2016 02 28 13 34
2016 02 28 17 27
2016 02 28 22 21
2016 02 28 23 48
2016 03 01 02 31
2016 03 01 03 20
2016 03 01 03 44
2016 03 01 05 50
2016 03 01 08 30
2016 03 01 09 01
2016 03 01 10 05
2016 03 01 11 38
2016 03 01 11 58
2016 03 01 14 15
2016 03 01 18 19
2016 03 01 18 23
2016 03 01 22 40
2016 03 01 22 50
2016 03 01 23 53
2016 03 02 05 07
2016 03 02 09 38
2016 03 02 11 43
2016 03 02 16 50
2016 03 02 20 00
2016 03 02 21 06
2016 03 03 01 07
2016 03 03 02 45
2016 03 03 13 30
2016 03 03 15 51
2016 03 03 18 49
2016 03 04 07 17
2016 03 04 08 07
2016 03 04 08 17
2016 03 04 12 51
2016 03 04 13 37
2016 03 04 13 42
2016 03 04 17 01
2016 03 04 17 02
2016 03 04 19 24
2016 03 04 22 19
2016 03 05 00 14
2016 03 05 01 49
2016 03 05 03 05
2016 03 05 03 32
2016 03 05 08 51
2016 03 05 09 25
2016 03 05 09 37
2016 03 05 09 52
2016 03 05 11 08
2016 03 05 14 02
2016 03 05 16 11
2016 03 05 22 27
2016 03 05 23 08
2016 03 06 08 11
2016 03 06 09 08
2016 03 06 09 26
2016 03 06 10 08
2016 03 06 12 17
2016 03 06 12 34
2016 03 06 12 48
2016 03 07 00 33
2016 03 07 07 55
2016 03 07 11 44
2016 03 07 14 57
2016 03 08 14 42
2016 03 08 14 56
2016 03 08 18 11
2016 03 08 23 43
2016 03 09 00 10
2016 03 09 01 55
2016 03 09 02 21
2016 03 09 23 44
2016 03 10 17 13
2016 03 10 18 32
2016 03 10 21 31
2016 03 10 23 31
2016 03 11 01 55
2016 03 11 05 49
2016 03 11 07 13
2016 03 11 08 50
2016 03 11 11 19
2016 03 11 14 23
2016 03 11 14 42
2016 03 11 17 55
2016 03 11 18 41
2016 03 11 21 34
2016 03 12 07 45
2016 03 12 09 44
2016 03 12 10 12
2016 03 12 11 07
2016 03 12 11 22
2016 03 12 13 01
2016 03 12 14 08
2016 03 12 18 18
2016 03 12 19 25
2016 03 12 19 52
2016 03 13 02 30
2016 03 13 02 31
2016 03 13 03 30
2016 03 13 05 31
2016 03 13 08 20
2016 03 13 12 01
2016 03 13 16 40
2016 03 14 03 30
2016 03 14 09 51
2016 03 14 09 59
2016 03 14 12 44
2016 03 14 14 25
2016 03 14 15 10
2016 03 14 15 33
2016 03 14 19 23
2016 03 15 05 03
2016 03 15 09 23
2016 03 15 11 01
2016 03 15 11 12
2016 03 15 11 57
2016 03 15 15 14
2016 03 15 17 29
2016 03 15 21 45
2016 03 15 23 21
2016 03 16 01 23
2016 03 16 04 04
2016 03 16 07 49
2016 03 16 09 42
2016 03 16 11 56
2016 03 16 19 30
2016 03 16 21 23
2016 03 16 23 46
2016 03 17 04 52
2016 03 17 11 45
2016 03 17 14 23
2016 03 18 00 13
2016 03 18 01 32
2016 03 18 03 10
2016 03 18 03 21
2016 03 18 11 37
2016 03 18 21 56
2016 03 18 22 15
2016 03 18 22 16
2016 03 19 01 34
2016 03 19 04 43
2016 03 19 09 29
2016 03 19 09 31
2016 03 19 11 16
2016 03 19 11 52
2016 03 19 15 00
2016 03 19 16 46
2016 03 19 17 08
2016 03 19 23 19
2016 03 20 00 21
2016 03 20 00 30
2016 03 20 03 10
2016 03 20 03 41
2016 03 20 05 46
2016 03 20 08 48
2016 03 20 10 48
2016 03 20 14 56
2016 03 20 16 49
2016 03 20 18 40
2016 03 20 21 40
2016 03 20 23 46
2016 03 21 04 26
2016 03 21 04 53
2016 03 21 07 02
2016 03 21 10 38
2016 03 21 12 02
2016 03 21 13 53
2016 03 21 17 16
2016 03 21 23 53
2016 03 22 02 10
2016 03 22 03 08
2016 03 22 04 11
2016 03 22 04 17
2016 03 22 06 44
2016 03 22 09 30
2016 03 22 10 31
2016 03 22 11 53
2016 03 22 15 07
2016 03 22 19 46
2016 03 22 22 10
2016 03 22 23 30
2016 03 23 00 19
2016 03 23 01 59
2016 03 23 02 57
2016 03 23 05 19
2016 03 23 05 28
2016 03 23 05 38
2016 03 23 11 19
2016 03 23 12 23
2016 03 23 12 50
2016 03 23 16 13
2016 03 23 17 22
2016 03 24 01 42
2016 03 24 03 07
2016 03 24 09 35
2016 03 24 10 29
2016 03 24 15 48
2016 03 24 21 00
2016 03 24 21 13
2016 03 25 00 35
2016 03 25 00 40
2016 03 25 01 08
2016 03 25 06 38
2016 03 25 09 11
2016 03 25 13 05
2016 03 25 14 42
2016 03 25 14 58
2016 03 25 16 20
2016 03 25 19 13
2016 03 25 19 38
2016 03 25 19 41
2016 03 25 19 42
2016 03 25 20 56
2016 03 25 22 17
2016 03 26 02 02
2016 03 26 02 25
2016 03 26 03 47
2016 03 26 04 09
2016 03 26 04 57
2016 03 26 05 01
2016 03 26 05 03
2016 03 26 08 32
2016 03 26 09 48
2016 03 26 11 12
2016 03 26 11 27
2016 03 26 15 26
2016 03 26 16 12
2016 03 26 21 37
2016 03 27 02 13
2016 03 27 02 30
2016 03 27 03 22
2016 03 27 05 00
2016 03 27 12 41
2016 03 27 14 29
2016 03 27 15 24
2016 03 27 18 59
2016 03 27 21 22
2016 03 27 21 49
2016 03 27 22 39
2016 03 28 00 23
2016 03 28 02 43
2016 03 28 10 52
2016 03 28 11 17
2016 03 28 15 45
2016 03 28 20 46
2016 04 01 00 23
2016 04 01 04 27
2016 04 01 05 05
2016 04 01 09 08
2016 04 01 10 02
2016 04 01 14 23
2016 04 01 18 35
2016 04 01 19 15
2016 04 02 00 33
2016 04 02 02 36
2016 04 02 05 19
2016 04 02 05 20
2016 04 02 13 13
2016 04 02 20 05
2016 04 02 21 09
2016 04 02 22 08
2016 04 03 02 22
2016 04 03 08 35
2016 04 03 09 34
2016 04 03 12 39
2016 04 03 15 57
2016 04 03 23 44
2016 04 04 02 50
2016 04 04 04 36
2016 04 04 05 51
2016 04 04 06 33
2016 04 04 09 20
2016 04 04 18 11
2016 04 04 19 56
2016 04 05 05 48
2016 04 05 10 10
2016 04 05 11 18
2016 04 05 19 58
2016 04 05 23 13
2016 04 06 00 41
2016 04 06 07 02
2016 04 06 10 38
2016 04 06 12 17
2016 04 06 16 05
2016 04 06 17 04
2016 04 06 19 17
2016 04 06 23 43
2016 04 07 00 20
2016 04 07 01 09
2016 04 07 05 00
2016 04 07 07 30
2016 04 07 09 43
2016 04 07 10 39
2016 04 07 12 25
2016 04 07 12 31
2016 04 07 16 40
2016 04 08 04 06
2016 04 08 04 23
2016 04 08 20 32
2016 04 08 23 17
2016 04 09 00 27
2016 04 09 02 34
2016 04 09 12 35
2016 04 09 12 51
2016 04 09 21 02
2016 04 10 01 13
2016 04 10 02 40
2016 04 10 07 05
2016 04 10 09 41
2016 04 10 17 46
2016 04 10 18 47
2016 04 11 16 14
2016 04 11 22 37
2016 04 12 01 22
2016 04 12 13 46
2016 04 12 16 46
2016 04 12 17 00
2016 04 12 19 02
2016 04 12 19 03
2016 04 13 01 49
2016 04 13 06 38
2016 04 13 09 05
2016 04 13 18 06
2016 04 13 21 13
2016 04 13 21 41
2016 04 14 00 42
2016 04 14 00 46
2016 04 14 08 04
2016 04 14 10 06
2016 04 14 10 20
2016 04 14 18 12
2016 04 14 19 18
2016 04 15 03 17
2016 04 15 05 28
2016 04 15 07 34
2016 04 15 10 08
2016 04 15 13 28
2016 04 15 15 53
2016 04 15 21 04
2016 04 15 21 17
2016 04 16 04 11
2016 04 16 04 51
2016 04 16 05 00
2016 04 16 09 01
2016 04 16 13 58
2016 04 16 14 04
2016 04 16 15 11
2016 04 17 00 05
2016 04 17 00 42
2016 04 17 03 10
2016 04 17 04 27
2016 04 17 05 54
2016 04 17 07 27
2016 04 17 11 43
2016 04 17 12 16
2016 04 17 13 54
2016 04 17 19 25
2016 04 17 22 36
2016 04 18 01 15
2016 04 18 09 03
2016 04 18 11 49
2016 04 18 21 34
2016 04 19 00 45
2016 04 19 03 31
2016 04 19 08 10
2016 04 19 15 10
2016 04 19 16 13
2016 04 20 03 57
2016 04 20 08 14
2016 04 20 08 48
2016 04 20 10 31
2016 04 20 11 46
2016 04 20 13 07
2016 04 20 15 39
2016 04 20 18 47
2016 04 20 20 56
2016 04 20 22 35
2016 04 20 23 47
2016 04 21 00 14
2016 04 21 00 37
2016 04 21 04 16
2016 04 21 13 57
2016 04 21 15 12
2016 04 21 20 10
2016 04 21 23 40
2016 04 22 04 16
2016 04 22 05 09
2016 04 22 06 11
2016 04 22 07 02
2016 04 22 08 05
2016 04 22 16 23
2016 04 23 02 22
2016 04 23 04 37
2016 04 23 13 46
2016 04 23 14 01
2016 04 23 15 48
2016 04 23 21 54
2016 04 24 00 02
2016 04 24 02 44
2016 04 24 14 19
2016 04 24 20 03
2016 04 24 21 24
2016 04 25 01 45
2016 04 25 06 49
2016 04 25 16 48
2016 04 25 21 57
2016 04 26 04 47
2016 04 26 05 31
2016 04 26 06 20
2016 04 26 07 12
2016 04 26 08 08
2016 04 26 11 02
2016 04 26 18 25
2016 04 26 21 54
2016 04 27 06 00
2016 04 27 12 12
2016 04 27 13 17
2016 04 27 15 21
2016 04 27 23 29
2016 04 28 01 57
2016 04 28 07 07
2016 04 28 07 30
2016 04 28 09 40
2016 04 28 12 19
2016 04 28 13 02
2016 04 28 15 57
2016 04 28 22 42
2016 04 28 23 53
2016 05 01 02 13
2016 05 01 02 17
2016 05 01 08 55
2016 05 01 12 25
2016 05 01 13 26
2016 05 01 14 33
2016 05 01 19 54
2016 05 01 20 34
2016 05 02 04 19
2016 05 02 11 28
2016 05 02 12 26
2016 05 02 12 27
2016 05 02 12 30
2016 05 02 14 48
2016 05 02 17 53
2016 05 02 18 53
2016 05 03 00 04
2016 05 03 01 48
2016 05 03 03 13
2016 05 03 03 33
2016 05 03 06 38
2016 05 03 06 52
2016 05 03 08 37
2016 05 03 11 41
2016 05 03 12 52
2016 05 03 12 53
2016 05 03 16 37
2016 05 03 17 19
2016 05 03 21 30
2016 05 03 23 25
2016 05 04 04 49
2016 05 04 13 42
2016 05 04 13 56
2016 05 04 15 54
2016 05 04 20 29
2016 05 05 00 25
2016 05 05 05 32
2016 05 05 07 03
2016 05 05 10 41
2016 05 05 12 27
2016 05 05 14 35
2016 05 06 01 29
2016 05 06 02 19
2016 05 06 02 22
2016 05 06 11 27
2016 05 06 17 40
2016 05 06 18 13
2016 05 06 21 01
2016 05 07 08 41
2016 05 07 12 50
2016 05 07 13 58
2016 05 07 18 15
2016 05 07 20 40
2016 05 07 22 25
2016 05 08 00 37
2016 05 08 05 34
2016 05 08 08 28
2016 05 08 12 00
2016 05 08 16 51
2016 05 08 23 24
2016 05 08 23 40
2016 05 09 00 31
2016 05 09 07 07
2016 05 09 08 35
2016 05 09 10 59
2016 05 09 12 29
2016 05 09 16 44
2016 05 09 17 24
2016 05 09 18 43
2016 05 10 01 33
2016 05 10 02 23
2016 05 10 03 58
2016 05 10 05 55
2016 05 10 06 21
2016 05 10 06 50
2016 05 10 07 23
2016 05 10 10 40
2016 05 10 19 06
2016 05 10 19 21
2016 05 10 23 01
2016 05 11 00 52
2016 05 11 14 10
2016 05 11 16 01
2016 05 11 18 38
2016 05 11 22 35
2016 05 12 10 01
2016 05 12 10 46
2016 05 12 10 54
2016 05 12 12 46
2016 05 12 15 10
2016 05 12 19 51
2016 05 13 03 54
2016 05 13 06 08
2016 05 13 08 03
2016 05 13 11 40
2016 05 13 13 36
2016 05 13 17 47
2016 05 14 00 08
2016 05 14 00 11
2016 05 14 02 34
2016 05 14 02 52
2016 05 14 04 57
2016 05 14 09 24
2016 05 14 14 50
2016 05 14 23 27
2016 05 15 01 44
2016 05 15 03 59
2016 05 15 09 47
2016 05 16 16 14
2016 05 16 16 31
2016 05 16 19 25
2016 05 16 22 49
2016 05 16 22 56
2016 05 17 07 42
2016 05 17 07 49
2016 05 17 10 48
2016 05 17 10 53
2016 05 17 19 28
2016 05 17 20 18
2016 05 17 21 48
2016 05 18 00 31
2016 05 18 01 51
2016 05 18 02 29
2016 05 18 13 24
2016 05 18 19 14
2016 05 18 20 37
2016 05 19 06 00
2016 05 19 07 13
2016 05 19 10 15
2016 05 19 10 24
2016 05 19 11 27
2016 05 19 12 43
2016 05 19 12 54
2016 05 19 14 02
2016 05 19 22 38
2016 05 20 06 53
2016 05 20 10 03
2016 05 20 13 12
2016 05 20 17 14
2016 05 20 17 44
2016 05 20 17 48
2016 05 20 21 59
2016 05 20 23 43
2016 05 21 02 03
2016 05 21 05 09
2016 05 21 08 47
2016 05 21 13 17
2016 05 21 13 46
2016 05 21 14 35
2016 05 21 15 53
2016 05 21 18 00
2016 05 21 18 39
2016 05 21 18 44
2016 05 21 18 56
2016 05 21 19 50
2016 05 22 00 49
2016 05 22 06 10
2016 05 22 07 12
2016 05 22 08 24
2016 05 22 08 38
2016 05 22 09 02
2016 05 22 11 41
2016 05 22 22 34
2016 05 23 00 55
2016 05 23 01 10
2016 05 23 05 59
2016 05 23 06 18
2016 05 23 11 40
2016 05 23 13 25
2016 05 23 14 31
2016 05 23 18 26
2016 05 23 19 07
2016 05 23 21 10
2016 05 23 21 26
2016 05 24 00 01
2016 05 24 00 49
2016 05 24 07 57
2016 05 24 18 24
2016 05 24 19 06
2016 05 25 02 21
2016 05 25 05 26
2016 05 25 05 53
2016 05 25 14 47
2016 05 25 16 04
2016 05 25 22 38
2016 05 26 03 48
2016 05 26 04 03
2016 05 26 04 26
2016 05 26 09 41
2016 05 26 12 11
2016 05 26 13 33
2016 05 26 14 40
2016 05 26 15 56
2016 05 26 16 12
2016 05 26 18 16
2016 05 26 20 14
2016 05 26 21 57
2016 05 26 23 10
2016 05 27 17 08
2016 05 27 20 28
2016 05 28 06 36
2016 05 28 09 57
2016 05 28 10 05
2016 05 28 15 02
2016 05 28 17 39
2016 05 28 18 48
2016 06 01 00 32
2016 06 01 00 59
2016 06 01 03 53
2016 06 01 06 50
2016 06 01 15 49
2016 06 01 15 57
2016 06 01 18 24
2016 06 01 18 59
2016 06 01 23 54
2016 06 02 02 43
2016 06 02 10 16
2016 06 02 10 18
2016 06 02 17 20
2016 06 02 18 47
2016 06 02 20 54
2016 06 02 21 39
2016 06 02 22 10
2016 06 03 01 21
2016 06 03 04 34
2016 06 03 06 25
2016 06 03 08 13
2016 06 03 08 31
2016 06 03 11 25
2016 06 03 12 19
2016 06 03 13 01
2016 06 03 15 48
2016 06 03 19 42
2016 06 04 04 31
2016 06 04 17 12
2016 06 04 18 40
2016 06 04 20 24
2016 06 04 23 31
2016 06 05 03 48
2016 06 05 11 47
2016 06 05 12 46
2016 06 05 12 50
2016 06 05 19 34
2016 06 05 19 42
2016 06 05 22 07
2016 06 05 22 11
2016 06 06 00 24
2016 06 06 01 19
2016 06 06 02 10
2016 06 06 03 48
2016 06 06 09 58
2016 06 06 12 22
2016 06 06 14 07
2016 06 06 16 30
2016 06 06 17 20
2016 06 06 18 11
2016 06 06 21 48
2016 06 07 09 59
2016 06 07 12 51
2016 06 07 15 19
2016 06 07 16 10
2016 06 07 17 50
2016 06 07 17 51
2016 06 07 21 00
2016 06 07 22 23
2016 06 08 09 32
2016 06 08 10 04
2016 06 08 13 33
2016 06 08 15 49
2016 06 08 18 51
2016 06 08 22 30
2016 06 09 05 07
2016 06 09 06 07
2016 06 09 10 30
2016 06 09 21 59
2016 06 09 22 56
2016 06 10 03 08
2016 06 10 10 09
2016 06 10 14 00
2016 06 10 17 03
2016 06 10 18 29
2016 06 10 20 22
2016 06 10 21 34
2016 06 10 23 28
2016 06 11 13 06
2016 06 11 16 00
2016 06 11 17 39
2016 06 12 00 06
2016 06 12 04 49
2016 06 12 09 49
2016 06 12 12 27
2016 06 12 12 42
2016 06 12 13 30
2016 06 12 16 04
2016 06 12 19 52
2016 06 12 20 02
2016 06 13 00 17
2016 06 13 01 41
2016 06 13 02 15
2016 06 13 03 52
2016 06 13 06 07
2016 06 13 06 48
2016 06 13 15 58
2016 06 13 16 14
2016 06 14 01 35
2016 06 14 02 11
2016 06 14 02 49
2016 06 14 05 21
2016 06 14 07 23
2016 06 14 09 34
2016 06 14 14 54
2016 06 14 21 46
2016 06 14 22 45
2016 06 15 03 33
2016 06 15 14 39
2016 06 15 15 49
2016 06 15 21 02
2016 06 15 21 13
2016 06 15 22 17
2016 06 16 03 44
2016 06 16 03 56
2016 06 16 09 06
2016 06 16 13 35
2016 06 16 16 22
2016 06 16 19 43
2016 06 16 23 35
2016 06 17 02 16
2016 06 17 04 30
2016 06 17 05 48
2016 06 17 06 27
2016 06 17 06 47
2016 06 17 11 20
2016 06 17 17 09
2016 06 17 22 20
2016 06 17 23 03
2016 06 18 01 10
2016 06 18 02 31
2016 06 18 11 23
2016 06 18 11 29
2016 06 18 13 13
2016 06 18 19 18
2016 06 18 20 37
2016 06 18 21 05
2016 06 18 22 11
2016 06 19 00 35
2016 06 19 05 31
2016 06 19 07 58
2016 06 19 14 22
2016 06 19 16 52
2016 06 19 20 38
2016 06 20 02 21
2016 06 20 03 47
2016 06 20 05 30
2016 06 20 10 04
2016 06 20 12 36
2016 06 20 13 53
2016 06 21 00 51
2016 06 21 02 41
2016 06 21 11 59
2016 06 21 12 18
2016 06 21 12 43
2016 06 21 13 56
2016 06 21 14 55
2016 06 21 15 21
2016 06 21 21 12
2016 06 22 02 33
2016 06 22 10 59
2016 06 22 15 22
2016 06 22 17 41
2016 06 22 20 52
2016 06 22 21 01
2016 06 22 21 51
2016 06 23 05 24
2016 06 23 17 24
2016 06 23 17 37
2016 06 24 02 33
2016 06 24 07 22
2016 06 24 09 10
2016 06 24 13 34
2016 06 24 14 16
2016 06 24 16 01
2016 06 24 16 05
2016 06 24 17 24
2016 06 24 17 34
2016 06 24 19 12
2016 06 24 19 51
2016 06 24 20 28
2016 06 24 21 25
2016 06 25 00 21
2016 06 25 01 18
2016 06 25 11 23
2016 06 25 15 30
2016 06 25 19 10
2016 06 25 21 36
2016 06 26 01 25
2016 06 26 11 12
2016 06 26 13 47
2016 06 27 00 55
2016 06 27 03 57
2016 06 27 04 49
2016 06 27 13 46
2016 06 27 18 56
2016 06 28 11 55
2016 06 28 12 08
2016 06 28 14 30
2016 06 28 16 09
2016 06 28 20 53
2016 07 01 01 37
2016 07 01 08 08
2016 07 01 12 23
2016 07 01 12 36
2016 07 01 13 06
2016 07 01 14 42
2016 07 01 14 58
2016 07 01 17 59
2016 07 01 21 14
2016 07 01 21 31
2016 07 01 21 46
2016 07 02 02 23
2016 07 02 07 32
2016 07 02 13 12
2016 07 02 21 23
2016 07 02 21 31
2016 07 02 23 19
2016 07 03 04 23
2016 07 03 05 46
2016 07 03 06 49
2016 07 03 11 07
2016 07 03 12 33
2016 07 03 15 09
2016 07 03 19 12
2016 07 03 22 36
2016 07 04 05 13
2016 07 04 05 23
2016 07 04 11 53
2016 07 04 12 03
2016 07 04 14 42
2016 07 04 18 56
2016 07 04 22 47
2016 07 04 22 50
2016 07 05 02 51
2016 07 05 03 20
2016 07 05 09 05
2016 07 05 13 16
2016 07 05 17 36
2016 07 05 18 38
2016 07 05 21 22
2016 07 05 22 46
2016 07 06 01 12
2016 07 06 04 36
2016 07 06 07 28
2016 07 06 08 48
2016 07 06 15 13
2016 07 06 15 29
2016 07 06 21 10
2016 07 07 00 14
2016 07 07 00 48
2016 07 07 03 20
2016 07 07 17 04
2016 07 07 20 14
2016 07 07 23 41
2016 07 08 00 00
2016 07 08 01 53
2016 07 08 06 12
2016 07 08 07 39
2016 07 08 10 41
2016 07 08 12 19
2016 07 08 13 53
2016 07 08 17 43
2016 07 08 20 41
2016 07 08 22 14
2016 07 09 00 35
2016 07 09 01 44
2016 07 09 06 35
2016 07 09 07 43
2016 07 09 08 22
2016 07 09 13 55
2016 07 09 16 34
2016 07 09 16 38
2016 07 09 18 47
2016 07 09 18 57
2016 07 10 07 09
2016 07 10 08 23
2016 07 10 10 05
2016 07 10 12 43
2016 07 11 00 31
2016 07 11 01 39
2016 07 11 02 48
2016 07 11 07 13
2016 07 11 15 14
2016 07 11 20 14
2016 07 12 07 29
2016 07 12 08 47
2016 07 12 10 44
2016 07 12 10 51
2016 07 12 11 30
2016 07 12 15 00
2016 07 12 20 18
2016 07 13 00 28
2016 07 13 03 58
2016 07 13 13 36
2016 07 13 21 44
2016 07 14 06 16
2016 07 14 07 56
2016 07 14 08 07
2016 07 14 13 33
2016 07 14 13 52
2016 07 14 14 02
2016 07 14 18 14
2016 07 14 20 10
2016 07 14 20 52
2016 07 14 21 41
2016 07 15 03 15
2016 07 15 05 39
2016 07 15 14 12
2016 07 15 15 46
2016 07 16 05 03
2016 07 16 06 49
2016 07 16 07 50
2016 07 16 07 59
2016 07 16 09 48
2016 07 16 18 13
2016 07 16 21 44
2016 07 16 21 45
2016 07 17 00 36
2016 07 17 00 48
2016 07 17 00 57
2016 07 17 01 02
2016 07 17 04 29
2016 07 17 13 19
2016 07 18 00 48
2016 07 18 03 06
2016 07 18 07 17
2016 07 18 07 42
2016 07 18 08 41
2016 07 18 11 07
2016 07 18 13 50
2016 07 18 14 06
2016 07 18 18 59
2016 07 18 22 03
2016 07 19 03 06
2016 07 19 08 09
2016 07 19 08 43
2016 07 19 16 21
2016 07 19 18 05
2016 07 19 19 57
2016 07 20 01 33
2016 07 20 04 40
2016 07 20 06 40
2016 07 20 11 42
2016 07 20 14 31
2016 07 20 16 23
2016 07 20 19 41
2016 07 20 23 51
2016 07 21 16 14
2016 07 21 16 34
2016 07 21 20 56
2016 07 21 21 13
2016 07 22 01 38
2016 07 22 04 05
2016 07 22 07 10
2016 07 22 09 49
2016 07 22 09 52
2016 07 22 17 54
2016 07 22 21 07
2016 07 22 22 38
2016 07 22 23 19
2016 07 23 00 03
2016 07 23 00 22
2016 07 23 15 10
2016 07 23 16 07
2016 07 23 20 19
2016 07 23 21 43
2016 07 24 06 06
2016 07 24 09 12
2016 07 24 10 37
2016 07 24 20 29
2016 07 24 21 41
2016 07 25 01 28
2016 07 25 07 26
2016 07 25 10 00
2016 07 25 14 15
2016 07 25 14 25
2016 07 25 17 37
2016 07 25 20 30
2016 07 26 05 27
2016 07 26 12 54
2016 07 26 13 22
2016 07 26 14 11
2016 07 26 14 43
2016 07 26 19 25
2016 07 26 22 01
2016 07 27 00 34
2016 07 27 01 30
2016 07 27 04 27
2016 07 27 09 21
2016 07 27 09 44
2016 07 27 10 42
2016 07 27 11 17
2016 07 27 15 56
2016 07 27 18 18
2016 07 27 23 03
2016 07 28 03 54
2016 07 28 06 48
2016 07 28 10 20
2016 07 28 16 31
2016 07 28 16 59
2016 07 28 20 39
2016 08 01 01 08
2016 08 01 06 41
2016 08 01 15 00
2016 08 01 18 43
2016 08 01 21 14
2016 08 01 23 07
2016 08 02 08 03
2016 08 02 08 06
2016 08 02 09 44
2016 08 02 10 20
2016 08 02 11 43
2016 08 02 15 05
2016 08 02 16 26
2016 08 02 18 42
2016 08 03 00 22
2016 08 03 01 50
2016 08 03 02 23
2016 08 03 03 20
2016 08 03 04 21
2016 08 04 01 10
2016 08 04 01 39
2016 08 04 03 28
2016 08 04 04 38
2016 08 04 04 40
2016 08 04 04 48
2016 08 04 05 10
2016 08 04 05 28
2016 08 04 10 19
2016 08 04 10 56
2016 08 04 11 39
2016 08 04 13 02
2016 08 04 19 24
2016 08 05 02 15
2016 08 05 02 45
2016 08 05 03 36
2016 08 05 04 31
2016 08 05 04 52
2016 08 05 06 36
2016 08 05 09 07
2016 08 05 20 47
2016 08 06 00 46
2016 08 06 02 41
2016 08 06 02 50
2016 08 06 05 52
2016 08 06 13 20
2016 08 06 15 17
2016 08 06 17 42
2016 08 06 22 26
2016 08 07 03 50
2016 08 07 04 23
2016 08 07 05 45
2016 08 07 08 38
2016 08 07 08 56
2016 08 07 10 05
2016 08 07 13 19
2016 08 07 15 47
2016 08 07 16 57
2016 08 07 19 56
2016 08 07 20 40
2016 08 08 00 12
2016 08 08 03 25
2016 08 08 03 52
2016 08 08 05 32
2016 08 08 07 15
2016 08 08 08 51
2016 08 08 17 17
2016 08 08 23 47
2016 08 09 00 55
2016 08 09 04 31
2016 08 09 05 18
2016 08 09 07 44
2016 08 10 02 35
2016 08 10 03 02
2016 08 10 05 38
2016 08 10 09 24
2016 08 10 10 57
2016 08 10 11 19
2016 08 10 12 53
2016 08 10 14 29
2016 08 10 19 04
2016 08 10 20 56
2016 08 11 01 16
2016 08 11 02 31
2016 08 11 03 34
2016 08 11 05 12
2016 08 11 05 38
2016 08 11 08 08
2016 08 11 10 38
2016 08 11 12 36
2016 08 11 12 41
2016 08 12 04 26
2016 08 12 10 37
2016 08 12 11 43
2016 08 12 14 08
2016 08 12 23 20
2016 08 12 23 36
2016 08 12 23 56
2016 08 13 05 23
2016 08 13 12 04
2016 08 13 15 22
2016 08 13 16 22
2016 08 13 23 05
2016 08 14 01 56
2016 08 14 07 24
2016 08 14 13 20
2016 08 14 13 44
2016 08 14 14 37
2016 08 14 14 53
2016 08 14 16 46
2016 08 14 17 37
2016 08 14 23 13
2016 08 14 23 46
2016 08 15 06 09
2016 08 15 10 17
2016 08 15 13 41
2016 08 15 17 09
2016 08 15 19 57
2016 08 15 22 38
2016 08 16 02 37
2016 08 16 03 16
2016 08 16 09 46
2016 08 16 17 46
2016 08 16 19 54
2016 08 16 21 03
2016 08 16 23 19
2016 08 17 00 48
2016 08 17 03 29
2016 08 17 07 24
2016 08 17 08 07
2016 08 17 16 06
2016 08 17 17 15
2016 08 17 22 57
2016 08 18 00 54
2016 08 18 01 12
2016 08 18 01 24
2016 08 18 04 05
2016 08 18 09 45
2016 08 18 12 59
2016 08 18 18 23
2016 08 18 18 52
2016 08 18 19 21
2016 08 18 20 26
2016 08 18 21 55
2016 08 18 23 07
2016 08 18 23 35
2016 08 19 01 01
2016 08 19 04 44
2016 08 19 21 10
2016 08 19 22 38
2016 08 20 00 48
2016 08 20 03 33
2016 08 20 06 17
2016 08 20 08 33
2016 08 20 09 08
2016 08 20 21 56
2016 08 21 04 32
2016 08 21 09 25
2016 08 21 16 54
2016 08 21 17 28
2016 08 21 17 41
2016 08 21 18 20
2016 08 22 12 04
2016 08 22 15 51
2016 08 22 19 57
2016 08 22 23 34
2016 08 23 00 58
2016 08 23 08 01
2016 08 23 08 16
2016 08 23 15 09
2016 08 23 16 18
2016 08 23 18 34
2016 08 23 20 23
2016 08 23 21 00
2016 08 23 21 43
2016 08 23 22 38
2016 08 24 01 01
2016 08 24 04 35
2016 08 24 06 19
2016 08 24 09 15
2016 08 24 10 22
2016 08 24 10 58
2016 08 24 14 28
2016 08 24 14 42
2016 08 24 19 05
2016 08 24 19 17
2016 08 24 19 55
2016 08 24 21 39
2016 08 25 00 19
2016 08 25 06 31
2016 08 25 11 52
2016 08 25 16 42
2016 08 25 17 38
2016 08 25 18 31
2016 08 25 21 02
2016 08 26 01 35
2016 08 26 06 19
2016 08 26 08 27
2016 08 26 08 48
2016 08 26 11 10
2016 08 26 19 05
2016 08 26 20 49
2016 08 26 20 52
2016 08 27 00 19
2016 08 27 01 09
2016 08 27 03 00
2016 08 27 09 07
2016 08 27 19 49
2016 08 27 20 39
2016 08 28 01 41
2016 08 28 05 12
2016 08 28 14 14
2016 08 28 19 37
2016 09 01 00 37
2016 09 01 00 43
2016 09 01 03 11
2016 09 01 04 24
2016 09 01 04 29
2016 09 01 14 59
2016 09 01 16 08
2016 09 01 16 56
2016 09 01 23 45
2016 09 02 03 42
2016 09 02 07 04
2016 09 02 07 35
2016 09 02 09 45
2016 09 02 12 08
2016 09 02 15 16
2016 09 02 16 12
2016 09 02 16 48
2016 09 02 18 45
2016 09 02 19 32
2016 09 02 22 50
2016 09 03 01 12
2016 09 03 03 53
2016 09 03 04 58
2016 09 03 05 15
2016 09 03 09 33
2016 09 03 11 57
2016 09 03 15 53
2016 09 03 21 27
2016 09 03 22 22
2016 09 03 22 38
2016 09 03 23 29
2016 09 04 00 50
2016 09 04 03 58
2016 09 04 08 00
2016 09 04 09 55
2016 09 04 11 58
2016 09 04 13 27
2016 09 04 17 28
2016 09 04 18 57
2016 09 04 19 56
2016 09 04 20 55
2016 09 05 05 21
2016 09 05 06 20
2016 09 05 13 00
2016 09 05 14 57
2016 09 05 16 36
2016 09 05 17 32
2016 09 06 00 12
2016 09 06 04 14
2016 09 06 05 14
2016 09 06 07 43
2016 09 06 09 10
2016 09 06 18 08
2016 09 06 19 05
2016 09 07 04 21
2016 09 07 05 42
2016 09 07 06 49
2016 09 07 13 43
2016 09 07 14 01
2016 09 07 16 27
2016 09 07 19 53
2016 09 07 20 11
2016 09 08 06 05
2016 09 08 06 09
2016 09 08 11 17
2016 09 08 14 53
2016 09 08 16 00
2016 09 09 00 46
2016 09 09 01 28
2016 09 09 07 54
2016 09 09 14 17
2016 09 09 21 10
2016 09 09 22 40
2016 09 09 23 24
2016 09 10 02 20
2016 09 10 05 30
2016 09 10 11 16
2016 09 10 14 23
2016 09 10 18 13
2016 09 10 18 43
2016 09 10 19 39
2016 09 10 20 26
2016 09 11 03 36
2016 09 11 05 28
2016 09 11 12 41
2016 09 11 16 53
2016 09 11 16 59
2016 09 11 17 49
2016 09 11 20 23
2016 09 11 23 33
2016 09 12 02 53
2016 09 12 09 11
2016 09 12 09 22
2016 09 12 17 46
2016 09 12 20 05
2016 09 13 02 23
2016 09 13 02 44
2016 09 13 03 08
2016 09 13 04 22
2016 09 13 08 10
2016 09 13 09 51
2016 09 13 14 05
2016 09 13 18 43
2016 09 13 22 59
2016 09 14 01 17
2016 09 14 06 09
2016 09 14 11 28
2016 09 14 11 30
2016 09 14 12 21
2016 09 14 16 09
2016 09 14 18 58
2016 09 15 03 17
2016 09 15 08 04
2016 09 15 10 30
2016 09 15 16 18
2016 09 15 17 57
2016 09 15 22 34
2016 09 16 03 31
2016 09 16 10 08
2016 09 16 10 54
2016 09 16 14 41
2016 09 16 15 50
2016 09 17 00 41
2016 09 17 01 47
2016 09 17 03 30
2016 09 17 03 35
2016 09 17 12 11
2016 09 17 14 12
2016 09 17 16 13
2016 09 17 19 12
2016 09 17 19 24
2016 09 17 20 06
2016 09 17 20 49
2016 09 17 21 41
2016 09 17 22 08
2016 09 17 23 53
2016 09 18 03 28
2016 09 18 04 00
2016 09 18 04 26
2016 09 18 05 06
2016 09 18 11 14
2016 09 18 12 28
2016 09 18 18 23
2016 09 19 03 58
2016 09 19 06 57
2016 09 19 07 32
2016 09 19 09 54
2016 09 19 10 11
2016 09 19 15 43
2016 09 19 23 22
2016 09 19 23 41
2016 09 19 23 55
2016 09 20 05 27
2016 09 20 06 39
2016 09 20 15 17
2016 09 20 16 27
2016 09 20 21 14
2016 09 20 23 02
2016 09 21 00 44
2016 09 21 02 53
2016 09 21 04 36
2016 09 21 05 13
2016 09 21 08 39
2016 09 21 09 31
2016 09 21 12 12
2016 09 21 16 57
2016 09 21 18 18
2016 09 21 21 04
2016 09 22 01 48
2016 09 22 08 06
2016 09 22 18 48
2016 09 22 21 13
2016 09 23 00 22
2016 09 23 00 34
2016 09 23 02 53
2016 09 23 10 27
2016 09 23 13 30
2016 09 23 15 50
2016 09 23 16 39
2016 09 23 22 38
2016 09 24 01 19
2016 09 24 01 48
2016 09 24 05 09
2016 09 24 06 53
2016 09 24 09 51
2016 09 24 13 18
2016 09 24 22 12
2016 09 25 08 13
2016 09 25 10 28
2016 09 25 12 20
2016 09 25 13 10
2016 09 25 21 51
2016 09 25 22 39
2016 09 26 06 30
2016 09 26 08 04
2016 09 26 09 48
2016 09 26 20 11
2016 09 27 09 33
2016 09 27 10 37
2016 09 27 20 23
2016 09 27 21 41
2016 09 28 06 34
2016 09 28 09 41
2016 09 28 14 13
2016 09 28 20 53
2016 09 28 21 19
2016 10 01 03 49
2016 10 01 05 16
2016 10 01 08 13
2016 10 01 20 15
2016 10 01 21 40
2016 10 02 01 08
2016 10 02 07 13
2016 10 02 14 11
2016 10 02 16 33
2016 10 02 23 19
2016 10 03 04 40
2016 10 03 06 10
2016 10 03 07 02
2016 10 03 09 36
2016 10 03 14 22
2016 10 03 19 21
2016 10 03 23 09
2016 10 04 00 19
2016 10 04 02 29
2016 10 04 09 05
2016 10 04 23 56
2016 10 05 04 48
2016 10 05 12 22
2016 10 05 18 38
2016 10 05 18 54
2016 10 05 21 41
2016 10 06 00 22
2016 10 06 00 56
2016 10 06 01 01
2016 10 06 08 59
2016 10 06 10 06
2016 10 06 10 52
2016 10 06 14 52
2016 10 06 19 54
2016 10 07 02 31
2016 10 07 04 02
2016 10 07 05 41
2016 10 07 06 50
2016 10 07 06 56
2016 10 07 17 41
2016 10 07 21 13
2016 10 08 06 05
2016 10 08 10 08
2016 10 08 10 22
2016 10 08 18 36
2016 10 08 20 55
2016 10 08 21 25
2016 10 09 03 01
2016 10 09 06 17
2016 10 09 08 18
2016 10 09 08 25
2016 10 09 17 41
2016 10 09 22 41
2016 10 10 05 37
2016 10 10 06 06
2016 10 10 08 22
2016 10 10 12 17
2016 10 10 15 02
2016 10 10 15 29
2016 10 10 17 51
2016 10 10 20 33
2016 10 10 21 58
2016 10 10 23 05
2016 10 11 02 44
2016 10 11 04 10
2016 10 11 15 04
2016 10 11 15 59
2016 10 11 16 33
2016 10 11 20 50
2016 10 12 09 20
2016 10 12 17 42
2016 10 12 18 34
2016 10 12 18 55
2016 10 12 19 03
2016 10 12 23 07
2016 10 13 01 54
2016 10 13 03 11
2016 10 13 05 34
2016 10 13 11 06
2016 10 13 12 23
2016 10 13 13 50
2016 10 13 16 19
2016 10 13 16 29
2016 10 13 18 49
2016 10 13 19 50
2016 10 14 00 22
2016 10 14 01 44
2016 10 14 03 27
2016 10 14 04 04
2016 10 14 04 10
2016 10 14 06 02
2016 10 14 22 47
2016 10 15 05 22
2016 10 15 05 36
2016 10 15 09 05
2016 10 15 09 44
2016 10 15 12 10
2016 10 15 12 14
2016 10 15 14 14
2016 10 15 23 46
2016 10 16 00 28
2016 10 16 01 59
2016 10 16 02 21
2016 10 16 07 08
2016 10 16 16 30
2016 10 16 20 44
2016 10 17 00 45
2016 10 17 08 26
2016 10 17 13 28
2016 10 17 18 20
2016 10 17 18 27
2016 10 17 21 27
2016 10 18 01 49
2016 10 18 02 48
2016 10 18 06 09
2016 10 18 07 54
2016 10 18 09 57
2016 10 18 10 40
2016 10 18 14 55
2016 10 18 15 28
2016 10 18 21 06
2016 10 19 01 55
2016 10 19 05 24
2016 10 19 09 32
2016 10 19 15 53
2016 10 19 18 05
2016 10 19 19 33
2016 10 19 20 09
2016 10 19 22 16
2016 10 19 22 54
2016 10 20 00 14
2016 10 20 01 43
2016 10 20 08 40
2016 10 20 12 21
2016 10 20 19 31
2016 10 20 23 39
2016 10 21 00 28
2016 10 21 02 25
2016 10 21 04 15
2016 10 21 09 24
2016 10 21 10 41
2016 10 21 17 12
2016 10 21 19 10
2016 10 21 20 10
2016 10 22 03 03
2016 10 22 05 42
2016 10 22 06 55
2016 10 22 12 31
2016 10 22 13 32
2016 10 22 14 19
2016 10 22 20 13
2016 10 22 21 55
2016 10 22 22 08
2016 10 23 05 35
2016 10 23 06 27
2016 10 23 07 50
2016 10 23 15 00
2016 10 23 15 44
2016 10 23 16 45
2016 10 24 02 16
2016 10 24 04 41
2016 10 24 19 42
2016 10 25 01 44
2016 10 25 01 50
2016 10 25 03 49
2016 10 25 06 27
2016 10 25 10 27
2016 10 25 11 01
2016 10 25 11 23
2016 10 25 14 56
2016 10 26 01 51
2016 10 26 02 11
2016 10 26 03 12
2016 10 26 03 33
2016 10 26 03 52
2016 10 26 06 44
2016 10 26 11 06
2016 10 26 13 46
2016 10 26 15 49
2016 10 26 15 51
2016 10 26 16 18
2016 10 26 16 19
2016 10 26 17 46
2016 10 26 18 51
2016 10 26 23 14
2016 10 26 23 57
2016 10 27 00 18
2016 10 27 01 06
2016 10 27 03 44
2016 10 27 05 25
2016 10 27 07 16
2016 10 27 11 36
2016 10 27 12 06
2016 10 27 12 11
2016 10 27 14 10
2016 10 27 18 06
2016 10 27 18 47
2016 10 28 00 49
2016 10 28 06 25
2016 10 28 13 10
2016 10 28 18 28
2016 10 28 19 56
2016 10 28 21 40
2016 10 28 22 50
2016 11 01 11 32
2016 11 01 13 26
2016 11 01 16 52
2016 11 01 17 46
2016 11 01 17 49
2016 11 01 21 17
2016 11 02 06 38
2016 11 02 07 50
2016 11 02 14 16
2016 11 02 22 10
2016 11 03 08 28
2016 11 03 09 13
2016 11 03 12 29
2016 11 03 15 47
2016 11 03 17 44
2016 11 03 20 13
2016 11 03 21 37
2016 11 03 22 03
2016 11 03 23 48
2016 11 04 02 00
2016 11 04 05 34
2016 11 04 07 55
2016 11 04 10 21
2016 11 04 11 02
2016 11 04 16 00
2016 11 04 16 15
2016 11 04 17 56
2016 11 04 22 43
2016 11 04 23 15
2016 11 05 01 52
2016 11 05 03 09
2016 11 05 03 18
2016 11 05 03 35
2016 11 05 04 04
2016 11 05 04 53
2016 11 05 07 06
2016 11 05 09 58
2016 11 05 12 11
2016 11 05 12 31
2016 11 05 21 28
2016 11 05 22 35
2016 11 06 00 12
2016 11 06 00 50
2016 11 06 02 55
2016 11 06 04 07
2016 11 06 14 00
2016 11 06 18 44
2016 11 07 03 58
2016 11 07 06 21
2016 11 07 06 24
2016 11 07 14 15
2016 11 07 16 13
2016 11 07 20 35
2016 11 07 21 18
2016 11 08 03 55
2016 11 08 05 38
2016 11 08 10 06
2016 11 08 10 39
2016 11 08 11 32
2016 11 08 12 04
2016 11 08 12 24
2016 11 08 13 13
2016 11 08 13 31
2016 11 08 13 54
2016 11 08 16 03
2016 11 08 18 08
2016 11 09 04 02
2016 11 09 04 24
2016 11 09 05 24
2016 11 09 09 49
2016 11 09 13 50
2016 11 10 01 15
2016 11 10 01 16
2016 11 10 07 58
2016 11 10 11 24
2016 11 10 13 31
2016 11 10 13 56
2016 11 10 16 31
2016 11 10 16 36
2016 11 10 20 33
2016 11 10 20 51
2016 11 10 22 25
2016 11 10 23 16
2016 11 10 23 36
2016 11 11 06 32
2016 11 11 08 00
2016 11 11 11 02
2016 11 11 16 16
2016 11 11 21 54
2016 11 11 21 54
2016 11 12 05 50
2016 11 12 07 55
2016 11 12 08 36
2016 11 12 08 37
2016 11 12 09 25
2016 11 12 13 35
2016 11 12 18 04
2016 11 12 19 12
2016 11 12 20 47
2016 11 12 23 11
2016 11 12 23 52
2016 11 13 03 29
2016 11 13 09 31
2016 11 13 16 12
2016 11 13 19 03
2016 11 13 20 48
2016 11 14 00 12
2016 11 14 01 26
2016 11 14 05 12
2016 11 14 07 55
2016 11 14 10 49
2016 11 14 19 10
2016 11 14 19 48
2016 11 14 22 35
2016 11 14 23 20
2016 11 15 01 31
2016 11 15 02 48
2016 11 15 05 40
2016 11 15 15 31
2016 11 15 17 48
2016 11 16 03 17
2016 11 16 06 55
2016 11 16 06 58
2016 11 16 13 17
2016 11 16 13 18
2016 11 16 17 15
2016 11 16 19 43
2016 11 16 22 21
2016 11 17 01 35
2016 11 17 05 11
2016 11 17 08 15
2016 11 17 12 26
2016 11 17 13 33
2016 11 17 14 48
2016 11 17 15 36
2016 11 17 18 04
2016 11 17 18 21
2016 11 17 21 09
2016 11 17 22 17
2016 11 18 00 32
2016 11 18 02 57
2016 11 18 03 27
2016 11 18 16 37
2016 11 18 18 30
2016 11 18 20 58
2016 11 18 22 09
2016 11 19 00 01
2016 11 19 00 54
2016 11 19 09 56
2016 11 19 14 48
2016 11 19 15 44
2016 11 19 17 25
2016 11 19 19 06
2016 11 19 21 14
2016 11 20 12 55
2016 11 20 17 04
2016 11 20 18 27
2016 11 20 20 48
2016 11 20 23 24
2016 11 20 23 50
2016 11 21 02 34
2016 11 21 10 03
2016 11 21 10 10
2016 11 21 11 39
2016 11 21 19 45
2016 11 21 21 48
2016 11 22 00 48
2016 11 22 04 48
2016 11 22 08 22
2016 11 22 08 50
2016 11 22 14 16
2016 11 22 15 38
2016 11 22 18 28
2016 11 22 18 32
2016 11 22 21 40
2016 11 22 22 00
2016 11 22 22 07
2016 11 22 23 41
2016 11 23 01 55
2016 11 23 02 11
2016 11 23 04 56
2016 11 23 10 51
2016 11 23 12 05
2016 11 23 18 26
2016 11 23 21 22
2016 11 23 22 17
2016 11 24 01 43
2016 11 24 03 55
2016 11 24 06 08
2016 11 24 09 01
2016 11 24 09 38
2016 11 24 11 03
2016 11 24 13 17
2016 11 24 13 40
2016 11 24 18 59
2016 11 24 19 55
2016 11 24 21 01
2016 11 24 23 01
2016 11 25 04 42
2016 11 25 08 54
2016 11 25 10 20
2016 11 26 06 11
2016 11 26 09 32
2016 11 26 11 58
2016 11 26 12 24
2016 11 26 13 33
2016 11 26 22 14
2016 11 27 00 23
2016 11 27 01 53
2016 11 27 04 20
2016 11 27 06 44
2016 11 27 07 54
2016 11 27 08 08
2016 11 27 12 01
2016 11 27 12 27
2016 11 27 14 04
2016 11 27 19 09
2016 11 27 22 18
2016 11 27 22 59
2016 11 27 23 50
2016 11 28 08 23
2016 11 28 09 03
2016 11 28 12 44
2016 11 28 13 42
2016 11 28 16 09
2016 12 01 05 16
2016 12 01 05 37
2016 12 01 06 39
2016 12 01 12 45
2016 12 01 17 33
2016 12 01 18 15
2016 12 01 19 47
2016 12 01 20 38
2016 12 01 23 19
2016 12 01 23 26
2016 12 02 04 47
2016 12 02 07 49
2016 12 02 09 13
2016 12 02 10 36
2016 12 02 13 19
2016 12 02 17 40
2016 12 03 01 09
2016 12 03 03 00
2016 12 03 08 14
2016 12 03 08 38
2016 12 03 10 01
2016 12 03 11 10
2016 12 03 13 30
2016 12 03 14 00
2016 12 03 14 58
2016 12 03 17 50
2016 12 03 19 19
2016 12 03 23 56
2016 12 04 03 03
2016 12 04 04 31
2016 12 04 06 13
2016 12 04 15 13
2016 12 04 18 43
2016 12 04 18 56
2016 12 04 20 08
2016 12 04 22 29
2016 12 04 22 58
2016 12 04 23 27
2016 12 04 23 32
2016 12 04 23 36
2016 12 05 00 04
2016 12 05 09 14
2016 12 05 11 02
2016 12 05 11 11
2016 12 05 13 06
2016 12 05 13 37
2016 12 05 16 52
2016 12 05 17 00
2016 12 05 18 16
2016 12 05 19 04
2016 12 06 06 11
2016 12 06 07 03
2016 12 06 10 13
2016 12 06 11 19
2016 12 06 17 48
2016 12 06 19 21
2016 12 06 20 11
2016 12 06 21 42
2016 12 06 22 17
2016 12 07 07 51
2016 12 07 10 56
2016 12 07 12 22
2016 12 07 14 58
2016 12 07 18 15
2016 12 07 21 10
2016 12 08 01 00
2016 12 08 02 20
2016 12 08 06 58
2016 12 08 10 39
2016 12 08 13 21
2016 12 08 14 37
2016 12 08 17 22
2016 12 08 22 55
2016 12 09 02 46
2016 12 09 08 41
2016 12 09 15 08
2016 12 09 15 48
2016 12 09 18 34
2016 12 10 01 09
2016 12 10 04 58
2016 12 10 05 47
2016 12 10 12 58
2016 12 10 13 17
2016 12 10 18 49
2016 12 10 21 36
2016 12 10 21 38
2016 12 11 00 57
2016 12 11 00 59
2016 12 11 04 57
2016 12 11 10 43
2016 12 11 16 13
2016 12 11 18 41
2016 12 11 22 51
2016 12 11 23 46
2016 12 12 01 25
2016 12 12 06 55
2016 12 12 08 09
2016 12 12 12 38
2016 12 12 13 52
2016 12 12 17 50
2016 12 12 18 06
2016 12 12 19 05
2016 12 12 23 16
2016 12 12 23 50
2016 12 13 13 19
2016 12 13 16 32
2016 12 13 18 38
2016 12 13 18 44
2016 12 13 20 11
2016 12 13 20 23
2016 12 14 13 36
2016 12 14 14 38
2016 12 14 15 28
2016 12 14 19 55
2016 12 15 00 53
2016 12 15 02 41
2016 12 15 03 17
2016 12 15 08 53
2016 12 15 18 32
2016 12 15 19 49
2016 12 16 02 09
2016 12 16 04 51
2016 12 16 06 10
2016 12 16 10 42
2016 12 16 11 51
2016 12 16 15 00
2016 12 16 16 31
2016 12 16 16 34
2016 12 16 20 05
2016 12 16 21 54
2016 12 17 00 26
2016 12 17 00 57
2016 12 17 01 41
2016 12 17 05 01
2016 12 17 09 06
2016 12 17 10 13
2016 12 17 14 29
2016 12 17 16 20
2016 12 17 18 36
2016 12 17 22 43
2016 12 18 05 44
2016 12 18 07 55
2016 12 18 08 42
2016 12 18 08 45
2016 12 18 11 04
2016 12 18 13 18
2016 12 19 07 50
2016 12 19 12 37
2016 12 19 14 21
2016 12 19 15 33
2016 12 19 16 46
2016 12 19 17 46
2016 12 19 20 43
2016 12 20 00 29
2016 12 20 02 03
2016 12 20 04 53
2016 12 20 05 11
2016 12 20 09 48
2016 12 20 10 25
2016 12 20 10 34
2016 12 20 12 17
2016 12 20 14 02
2016 12 20 17 41
2016 12 20 21 19
2016 12 21 00 01
2016 12 21 02 34
2016 12 21 04 54
2016 12 21 09 27
2016 12 21 14 10
2016 12 21 20 43
2016 12 22 00 46
2016 12 22 09 21
2016 12 22 13 41
2016 12 22 13 45
2016 12 22 16 06
2016 12 23 00 10
2016 12 23 01 23
2016 12 23 02 14
2016 12 23 05 30
2016 12 23 08 30
2016 12 23 11 40
2016 12 23 12 20
2016 12 23 15 07
2016 12 23 16 11
2016 12 23 16 56
2016 12 23 19 54
2016 12 24 00 29
2016 12 24 04 18
2016 12 24 06 15
2016 12 24 06 37
2016 12 24 08 55
2016 12 24 10 22
2016 12 24 10 24
2016 12 24 12 06
2016 12 24 14 17
2016 12 24 15 20
2016 12 24 17 50
2016 12 24 17 51
2016 12 24 22 05
2016 12 25 03 34
2016 12 25 07 42
2016 12 25 09 19
2016 12 25 09 42
2016 12 25 15 43
2016 12 25 17 26
2016 12 25 21 01
2016 12 25 22 52
2016 12 25 23 01
2016 12 26 06 19
2016 12 26 09 39
2016 12 26 09 44
2016 12 26 11 17
2016 12 26 15 20
2016 12 26 22 58
2016 12 27 00 45
2016 12 27 01 53
2016 12 27 05 05
2016 12 27 05 25
2016 12 27 05 55
2016 12 27 07 28
2016 12 27 16 27
2016 12 27 17 24
2016 12 27 21 14
2016 12 28 03 47
2016 12 28 05 59
2016 12 28 06 55
2016 12 28 17 46
2016 12 28 19 35
2016 12 28 20 15
2016 12 28 20 17
